Z.PP2.04 5552233.106 7425406.943 237.413
Z.PP2.03 5552232.172 7425410.483 237.424
Z.PP2.02 5552229.200 7425409.703 237.757
Z.PP2.01 5552230.124 7425406.147 237.757
T.23 5552230.129 7425405.776 237.410
T.22 5552233.516 7425406.660 237.086
T.21 5552232.406 7425410.919 237.096
T.20 5552229.020 7425410.034 237.460
8501 5552233.710 7425401.980 241.537
INW.CO.H.41 5552092.061 7425379.784 234.125
INW.CO.H.40 5552091.363 7425379.758 234.150
INW.CO.M.39 5552091.218 7425379.745 234.198
INW.CO.M.38 5552091.106 7425379.810 234.175
INW.CO.M.37 5552091.095 7425379.904 234.237
INW.CO.M.36 5552091.910 7425379.750 234.187
INW.CO.M.35 5552091.799 7425379.834 234.174
INW.CO.M.34 5552091.808 7425379.941 234.243
INW.CO.H.33   
INW.CO.H.32 5552091.738 7425383.005 234.182
INW.CO.H.31 5552091.632 7425379.694 233.194
INW.CO.H.30 5552092.065 7425379.676 233.338
IS13.CH.19 5552113.787 7425383.949 234.343
IS13.CH.18 5552114.900 7425379.008 234.320
IS13.CH.17 5552116.353 7425374.346 234.323
IS13.CH.16 5552106.795 7425371.816 233.835
IS13.CH.15 5552105.535 7425376.471 233.854
IS13.CH.14 5552104.169 7425381.334 233.845
IS13.CH.13 5552095.287 7425378.826 233.338
IS13.CH.12 5552096.833 7425373.946 233.345
IS13.CH.11 5552097.708 7425369.186 233.379
IS13.CH.10 5552097.706 7425369.186 233.381
IS12.CH.09 5552097.103 7425368.952 233.360
IS12.CH.08 5552095.632 7425373.619 233.352
IS12.CH.07 5552094.413 7425378.398 233.337
IS12.CH.06 5552084.994 7425375.657 233.769
IS12.CH.05 5552085.775 7425371.421 233.774
IS12.CH.04 5552087.672 7425366.302 233.785
IS12.CH.03 5552078.902 7425363.847 234.179
IS12.CH.02 5552077.593 7425368.589 234.210
IS12.CH.01 5552076.031 7425373.205 234.226
IS11.O.17 5552075.400 7425372.930 234.300
IS11.O.16 5552077.670 7425364.778 234.309
IS11.H.15 5552077.373 7425364.685 234.757
IS11.H.14 5552076.323 7425368.805 234.742
IS11.H.13 5552075.269 7425372.265 234.750
IS11.H.12 5552070.668 7425371.048 235.016
IS11.H.11 5552071.632 7425367.185 235.014
IS11.H.10 5552072.943 7425363.373 234.981
IS11.H.09 5552068.337 7425362.112 235.228
IS11.H.08 5552067.456 7425366.143 235.236
IS11.H.07 5552066.479 7425369.850 235.239
IS11.H.06 5552062.043 7425368.700 235.475
IS11.H.05 5552062.779 7425364.616 235.459
IS11.H.04 5552063.983 7425360.905 235.455
IS11.H.03 5552060.048 7425359.883 235.679
IS11.H.02 5552058.575 7425363.757 235.647
IS11.H.01 5552057.563 7425367.271 235.679
T.14 5552077.522 7425364.545 234.755
T.13 5552067.601 7425361.781 235.265
T.12 5552059.605 7425359.558 235.680
T.11 5552075.351 7425372.348 234.744
T.10 5552066.393 7425369.853 235.239
T.09 5552057.434 7425367.361 235.682
T.08 5552106.844 7425371.975 233.839
T.07 5552097.210 7425369.297 233.362
T.06 5552087.558 7425366.610 233.783
T.05 5552078.888 7425364.199 234.161
T.04 5552076.339 7425373.349 234.209
T.03 5552085.009 7425375.762 233.763
T.02 5552094.663 7425378.449 233.330
T.01 5552104.295 7425381.130 233.844
Stkd59 5552113.931 7425383.810 234.358
Stkd53 5552116.478 7425374.655 234.345
8500 5552093.610 7425371.724 235.070
INW.CO.H.16 5551993.219 7425324.630 237.470
INW.CO.H.15 5551992.754 7425324.574 237.470
INW.CO.M.14 5551992.997 7425328.586 237.285
INW.CO.M.13 5551992.443 7425329.073 237.270
INW.CO.H.12 5551992.930 7425329.207 237.317
INW.CO.H.11 5551993.054 7425329.487 237.263
INW.CO.H.10 5551993.292 7425329.634 237.175
INW.CO.H.09 5551992.413 7425329.682 237.312
INW.CO.H.08 5551992.557 7425329.948 237.269
INW.CO.H.07 5551992.812 7425330.111 237.188
INW.CO.M.06 5551993.349 7425330.140 237.046
INW.CO.M.05 5551993.897 7425329.675 237.005
INW.CO.H.04 5551994.355 7425330.188 236.748
INW.CO.H.03 5551994.812 7425329.750 236.730
INW.CO.M.02 5551995.237 7425330.456 236.758
INW.CO.M.01 5551995.749 7425330.042 236.739
TPS0001 5551987.101 7425341.118 237.362
Stkd15 5552026.358 7425356.967 236.183
Stkd14 5552032.441 7425353.723 236.955
Stkd16 5552022.786 7425351.022 237.052
Stkd17 5552016.684 7425354.274 236.467
Stkd18 5552013.165 7425348.346 237.695
Stkd20 5552003.521 7425345.726 237.558
Stkd21 5551997.422 7425348.896 237.077
Stkd22 5551993.833 7425342.998 237.793
Stkd23 5551987.758 7425346.275 236.615
8300 5551992.940 7425342.587 239.004
